0.1 6.94087e-36
0.105 1.0869e-35
0.11 5.25135e-36
0.115 1.67074e-37
0.12 2.45076e-36
0.125 9.52883e-36
0.13 9.86945e-36
0.135 2.80441e-36
0.14 9.28354e-38
0.145 4.97426e-36
0.15 1.12159e-35
0.155 7.6699e-36
0.16 9.6551e-37
0.165 1.06909e-36
0.17 7.98536e-36
0.175 1.15418e-35
0.18 5.00001e-36
0.185 7.21181e-38
0.19 3.07249e-36
0.195 1.07461e-35
0.2 1.02493e-35
0.205 2.48638e-36
0.21 2.23998e-37
0.215 6.04202e-36
0.22 1.2602e-35
0.225 7.82696e-36
0.23 7.5061e-37
0.235 1.48596e-36
0.24 9.49882e-36
0.245 1.279e-35
0.25 4.86361e-36
0.255 1.31741e-38
0.26 3.98694e-36
0.265 1.28853e-35
0.27 1.13162e-35
0.275 2.28139e-36
0.28 4.13948e-37
0.285 7.63556e-36
0.29 1.51342e-35
0.295 8.40177e-36
0.3 5.48693e-37
0.305 2.125e-36
0.31 1.23453e-35
0.315 1.5686e-35
0.32 5.08276e-36
0.325 1.57506e-39
0.33 5.42126e-36
0.335 1.73223e-35
0.34 1.39792e-35
0.345 2.1413e-36
0.35 7.3693e-37
0.355 1.11034e-35
0.36 2.19603e-35
0.365 1.06168e-35
0.37 4.10008e-37
0.375 3.19181e-36
0.38 2.01247e-35
0.385 2.51377e-35
0.39 6.31009e-36
0.395 4.65284e-38
0.4 9.59573e-36
0.405 3.5652e-35
0.41 2.69832e-35
0.415 2.56131e-36
0.42 1.31801e-36
0.425 2.90066e-35
0.43 6.90361e-35
0.435 2.8937e-35
0.44 3.26104e-37
0.445 1.03369e-35
0.45 1.34632e-34
0.455 2.25924e-34
0.46 5.01159e-35
0.465 1.79424e-37
0.47 5.91796e-34
0.475 6.51415e-32
0.48 4.35095e-33
0.485 2.58818e-35
0.49 5.8368e-36
0.495 1.49663e-34
0.5 1.94569e-34
0.505 4.16055e-35
0.51 1.50755e-37
0.515 9.14583e-36
0.52 5.38175e-35
0.525 4.75191e-35
0.53 7.04783e-36
0.535 3.9544e-37
0.54 1.46911e-35
0.545 3.6604e-35
0.55 2.0984e-35
0.555 1.63444e-36
0.56 2.74007e-36
0.565 1.99909e-35
0.57 2.83462e-35
0.575 1.06773e-35
0.58 4.00938e-38
0.585 7.6474e-36
0.59 2.46564e-35
0.595 2.26131e-35
0.6 5.11173e-36
0.605 7.86373e-37
0.61 1.41907e-35
0.615 2.70723e-35
0.62 1.67513e-35
0.625 1.40376e-36
0.63 4.42959e-36
0.635 2.20894e-35
0.64 2.7816e-35
0.645 1.12878e-35
0.65 8.27791e-39
0.655 1.0914e-35
0.66 2.90717e-35
0.665 2.54349e-35
0.67 5.64001e-36
0.675 1.723e-36
0.68 2.07705e-35
0.685 3.52317e-35
0.69 2.1383e-35
0.695 1.53928e-36
0.7 7.44006e-36
0.705 3.20035e-35
0.71 3.77616e-35
0.715 1.4687e-35
0.72 6.41425e-38
0.725 1.88157e-35
0.73 4.50704e-35
0.735 3.78391e-35
0.74 7.85805e-36
0.745 3.54538e-36
0.75 3.50557e-35
0.755 5.60751e-35
0.76 3.26303e-35
0.765 1.65702e-36
0.77 1.53832e-35
0.775 5.86317e-35
0.78 6.63551e-35
0.785 2.48075e-35
0.79 3.37018e-37
0.795 3.78821e-35
0.8 8.6263e-35
0.805 7.01733e-35
0.81 1.28864e-35
0.815 9.90046e-36
0.82 7.98984e-35
0.825 1.23412e-34
0.83 7.03936e-35
0.835 2.75408e-36
0.84 4.04441e-35
0.845 1.47308e-34
0.85 1.64944e-34
0.855 5.89193e-35
0.86 2.51397e-36
0.865 1.23905e-34
0.87 2.77123e-34
0.875 2.28497e-34
0.88 4.03406e-35
0.885 4.35521e-35
0.89 3.37591e-34
0.895 5.44543e-34
0.9 3.2335e-34
0.905 7.78958e-36
0.91 2.99371e-34
0.915 1.16319e-33
0.92 1.50852e-33
0.925 6.40095e-34
0.93 5.67535e-35
0.935 2.96445e-33
0.94 1.10098e-32
0.945 2.11457e-32
0.95 2.43103e-32
0.955 3.7289e-32
0.96 2.32109e-32
0.965 1.08669e-32
0.97 2.61826e-33
0.975 2.04008e-35
0.98 7.03755e-34
0.985 1.44369e-33
0.99 1.01376e-33
0.995 2.17954e-34
1 2.0116e-35
1.005 3.33745e-34
1.01 4.99798e-34
1.015 2.81811e-34
1.02 2.81114e-35
1.025 4.44245e-35
1.03 2.04124e-34
1.035 2.26304e-34
1.04 8.92312e-35
1.045 3.29121e-37
1.05 5.8597e-35
1.055 1.41224e-34
1.06 1.15625e-34
1.065 2.75092e-35
1.07 3.74381e-36
1.075 5.8743e-35
1.08 9.39942e-35
1.085 5.52576e-35
1.09 4.85085e-36
1.095 1.28686e-35
1.1 5.59506e-35
1.105 6.32205e-35
1.11 2.51752e-35
1.115 6.749e-38
1.12 1.93774e-35
1.125 4.68134e-35
1.13 3.82662e-35
1.135 8.51444e-36
1.14 1.99643e-36
1.145 2.4173e-35
1.15 3.80163e-35
1.155 2.21103e-35
1.16 1.81414e-36
1.165 5.80462e-36
1.17 2.44862e-35
1.175 2.73074e-35
1.18 1.03766e-35
1.185 3.8666e-38
1.19 1.01071e-35
1.195 2.33717e-35
1.2 1.87249e-35
1.205 4.01818e-36
1.21 1.13474e-36
1.215 1.25431e-35
1.22 1.93628e-35
1.225 1.08421e-35
1.23 7.1804e-37
1.235 3.63369e-36
1.24 1.40779e-35
1.245 1.52606e-35
1.25 5.63204e-36
1.255 4.35126e-38
1.26 5.90587e-36
1.265 1.33361e-35
1.27 1.03262e-35
1.275 2.01367e-36
1.28 8.88027e-37
1.285 8.01443e-36
1.29 1.19207e-35
1.295 6.47493e-36
1.3 4.07186e-37
1.305 2.33428e-36
1.31 8.73803e-36
1.315 9.17153e-36
1.32 3.18143e-36
1.325 6.51052e-38
1.33 4.12709e-36
1.335 8.84512e-36
1.34 6.62469e-36
1.345 1.25023e-36
1.35 6.28301e-37
1.355 5.31245e-36
1.36 7.64698e-36
1.365 3.96016e-36
1.37 2.00689e-37
1.375 1.78595e-36
1.38 6.14896e-36
1.385 6.2099e-36
1.39 2.10026e-36
1.395 5.96975e-38
1.4 2.8767e-36
1.405 5.93363e-36
1.41 4.2802e-36
1.415 7.39146e-37
1.42 5.54261e-37
1.425 3.85675e-36
1.43 1.03583e-35
1.435 2.73681e-36
1.44 1.34206e-37
1.445 1.33228e-36
1.45 4.48592e-36
1.455 4.2566e-36
1.46 1.33216e-36
1.465 7.09649e-38
1.47 2.29494e-36
1.475 4.48557e-36
1.48 3.05326e-36
1.485 5.09714e-37
1.49 4.24759e-37
1.495 2.93887e-36
1.5 3.83671e-36
1.505 1.81201e-36
1.51 7.30784e-38
1.515 1.09539e-36
1.52 3.35822e-36
1.525 3.06791e-36
1.53 9.48979e-37
1.535 5.89183e-38
1.54 1.72334e-36
1.545 3.19549e-36
1.55 2.08147e-36
1.555 3.1916e-37
1.56 3.8009e-37
1.565 2.28637e-36
1.57 2.81161e-36
1.575 1.30032e-36
1.58 4.9153e-38
1.585 8.38629e-37
1.59 2.43312e-36
1.595 2.10638e-36
1.6 6.26057e-37
1.605 6.19133e-38
1.61 1.36487e-36
1.615 2.34073e-36
1.62 1.47642e-36
1.625 2.25252e-37
1.63 2.91443e-37
1.635 1.65189e-36
1.64 1.90271e-36
1.645 8.57486e-37
1.65 2.643e-38
1.655 6.63951e-37
1.66 1.74114e-36
1.665 1.43511e-36
1.67 4.3545e-37
1.675 4.2261e-38
1.68 9.52667e-37
1.685 1.51069e-36
1.69 9.24237e-37
1.695 1.40451e-37
1.7 2.16928e-37
1.705 1.10564e-36
1.71 1.17269e-36
1.715 5.46812e-37
1.72 1.56806e-38
1.725 4.12371e-37
1.73 9.92257e-37
1.735 7.69663e-37
1.74 2.58675e-37
1.745 2.01699e-38
1.75 5.28414e-37
1.755 7.27154e-37
1.76 4.57045e-37
1.765 9.12733e-38
1.77 8.96672e-38
1.775 4.49946e-37
1.78 3.90572e-37
1.785 2.3931e-37
1.79 1.56821e-38
1.795 1.3468e-37
1.8 2.18904e-37
1.805 1.32383e-37
1.81 1.14159e-37
1.815 2.2936e-38
1.82 1.37831e-37
1.825 2.92782e-38
1.83 4.20371e-38
1.835 6.74596e-38
1.84 2.53573e-37
1.845 5.49584e-37
1.85 4.23362e-37
1.855 1.31785e-37
1.86 2.61401e-37
1.865 2.27129e-36
1.87 4.67757e-36
1.875 3.87019e-36
1.88 2.32899e-37
1.885 6.66337e-36
1.89 4.51059e-35
1.895 1.21967e-34
1.9 1.98812e-34
1.905 2.11456e-32
1.91 3.30085e-34
1.915 2.00571e-34
1.92 7.76128e-35
1.925 9.18866e-36
1.93 3.45664e-36
1.935 2.26785e-35
1.94 2.71488e-35
1.945 1.27511e-35
1.95 6.56149e-37
1.955 3.65378e-36
1.96 1.22072e-35
1.965 1.18097e-35
1.97 3.91617e-36
1.975 4.7869e-38
1.98 4.64628e-36
1.985 9.25591e-36
1.99 6.74711e-36
1.995 1.25668e-36
2 6.10254e-37
2.005 5.0012e-36
2.01 6.87898e-36
2.015 3.57205e-36
2.02 1.45088e-37
2.025 1.66129e-36
2.03 5.34586e-36
2.035 5.26632e-36
2.04 1.79236e-36
2.045 3.73312e-38
2.05 2.55549e-36
2.055 4.94308e-36
2.06 3.53003e-36
2.065 5.6847e-37
2.07 5.36447e-37
2.075 3.42728e-36
2.08 4.45928e-36
2.085 2.24688e-36
2.09 6.18894e-38
2.095 1.26939e-36
2.1 3.70961e-36
2.105 3.4672e-36
2.11 1.06661e-36
2.115 8.44854e-38
2.12 2.16962e-36
2.125 3.79431e-36
2.13 2.5832e-36
2.135 3.48812e-37
2.14 5.16375e-37
2.145 2.74262e-36
2.15 3.32751e-36
2.155 1.53422e-36
2.16 9.02509e-39
2.165 1.25986e-36
2.17 3.15711e-36
2.175 2.77373e-36
2.18 7.59396e-37
2.185 1.21277e-37
2.19 1.91494e-36
2.195 3.06042e-36
2.2 1.93349e-36
2.205 1.76255e-37
2.21 6.14672e-37
2.215 2.52215e-36
2.22 2.82021e-36
2.225 1.20263e-36
2.23 2.02669e-41
2.235 1.22579e-36
2.24 2.70697e-36
2.245 2.21877e-36
2.25 4.90218e-37
2.255 2.07906e-37
2.26 1.89499e-36
2.265 2.72813e-36
2.27 1.60341e-36
2.275 9.41767e-38
2.28 6.69055e-37
2.285 2.27731e-36
2.29 2.36253e-36
2.295 8.7326e-37
2.3 1.89549e-38
2.305 1.30712e-36
2.31 2.52038e-36
2.315 1.91892e-36
2.32 3.41486e-37
2.325 2.73484e-37
2.33 1.8041e-36
2.335 2.37524e-36
2.34 1.25938e-36
2.345 2.65944e-38
2.35 7.96089e-37
2.355 2.20708e-36
2.36 2.12638e-36
2.365 6.79097e-37
2.37 5.36285e-38
2.375 1.31926e-36
2.38 2.26987e-36
2.385 1.58577e-36
2.39 1.94133e-37
2.395 3.93338e-37
2.4 1.83268e-36
2.405 2.2007e-36
2.41 1.04631e-36
2.415 4.76328e-39
2.42 8.6863e-37
2.425 2.05754e-36
2.43 1.82104e-36
2.435 4.65775e-37
2.44 1.23665e-37
2.445 1.41258e-36
2.45 2.15706e-36
2.455 1.39112e-36
2.46 1.09883e-37
2.465 4.82403e-37
2.47 1.76664e-36
2.475 1.95124e-36
2.48 7.99581e-37
2.485 8.26951e-39
2.49 9.93472e-37
2.495 2.01699e-36
2.5 1.64686e-36
2.505 3.36234e-37
2.51 1.96288e-37
2.515 1.424e-36
2.52 1.97324e-36
2.525 1.12359e-36
2.53 3.78472e-38
2.535 6.128e-37
2.54 1.78564e-36
2.545 1.81135e-36
2.55 6.28706e-37
2.555 3.59744e-38
2.56 1.05665e-36
2.565 1.88592e-36
2.57 1.40072e-36
2.575 1.94817e-37
2.58 3.05205e-37
2.585 1.49148e-36
2.59 1.87472e-36
2.595 9.44221e-37
2.6 1.13621e-38
2.605 7.04116e-37
2.61 1.72266e-36
2.615 1.58742e-36
2.62 4.3904e-37
2.625 9.64853e-38
2.63 1.16056e-36
2.635 1.83286e-36
2.64 1.22928e-36
2.645 1.09717e-37
2.65 3.9555e-37
2.655 1.46257e-36
2.66 1.69269e-36
2.665 7.21126e-37
2.67 8.73358e-39
2.675 8.25982e-37
2.68 1.70169e-36
2.685 1.43768e-36
2.69 3.03846e-37
2.695 1.64348e-37
2.7 1.18292e-36
2.705 1.6792e-36
2.71 9.88806e-37
2.715 3.93057e-38
2.72 5.10924e-37
2.725 1.48746e-36
2.73 1.53862e-36
2.735 5.48129e-37
2.74 3.4607e-38
2.745 8.80357e-37
2.75 1.55946e-36
2.755 1.18238e-36
2.76 1.63945e-37
2.765 2.61055e-37
2.77 1.19689e-36
2.775 1.50889e-36
2.78 7.56106e-37
2.785 1.00371e-38
2.79 5.72542e-37
2.795 1.30744e-36
2.8 1.20881e-36
2.805 3.07882e-37
2.81 9.32236e-38
2.815 8.35994e-37
2.82 1.18181e-36
2.825 7.19374e-37
2.83 3.38832e-38
2.835 2.96778e-37
2.84 6.27972e-37
2.845 3.20752e-37
2.85 7.72638e-38
2.855 7.58099e-37
2.86 6.41485e-36
2.865 6.04964e-36
2.87 3.85972e-36
2.875 8.48748e-37
2.88 1.50911e-37
2.885 1.64619e-36
2.89 2.5358e-36
2.895 1.53368e-36
2.9 1.00273e-37
2.905 5.66296e-37
2.91 1.88937e-36
2.915 2.05436e-36
2.92 7.90854e-37
2.925 3.09928e-38
2.93 9.88707e-37
2.935 1.94649e-36
2.94 1.55729e-36
2.945 2.55692e-37
2.95 2.60984e-37
2.955 1.42081e-36
2.96 1.95309e-36
2.965 1.04007e-36
2.97 3.19764e-38
2.975 6.32531e-37
2.98 1.67574e-36
2.985 1.67217e-36
2.99 4.93661e-37
2.995 8.6609e-38
3 1.08404e-36
